300 300
20
1409
191 226
100 118
229 29
70 80
288 103
211 196
310 47
202 81
85 282
63 110
68 93
296 59
193 69
309 173
107 103
278 49
92 200
58 188
76 240
310 75
31 268
257 183
295 227
24 101
226 232
239 126
236 260
116 249
168 63
189 35
95 129
206 246
117 293
260 37
254 295
240 209
212 297
56 32
67 310
225 193
229 145
204 20
52 135
228 310
256 277
82 270
53 90
281 132
92 105
45 216
309 237
57 42
262 282
20 86
221 70
36 190
303 70
172 39
52 167
112 91
303 133
221 107
121 178
111 306
315 244
281 89
104 223
296 73
80 153
284 197
166 301
106 79
276 177
279 263
319 289
183 274
95 168
62 304
267 164
145 308
281 117
302 46
191 308
227 275
200 204
163 160
28 81
286 125
77 79
22 236
159 160
56 127
311 273
152 180
44 170
205 34
281 170
229 246
98 310
262 171
285 268
75 55
316 243
205 238
128 287
317 127
319 55
104 24
299 51
60 115
296 142
259 245
109 149
313 170
197 296
290 189
262 217
304 61
22 206
195 76
190 319
307 31
99 65
129 256
168 157
281 254
50 300
106 120
188 306
188 64
312 121
139 310
297 155
223 151
251 176
88 148
220 261
92 245
311 275
52 47
319 127
100 164
60 67
297 248
210 199
50 235
115 126
272 285
81 294
296 291
195 26
197 33
108 202
130 284
38 127
160 296
138 189
192 78
195 296
213 264
63 215
235 215
230 139
302 250
142 177
210 311
117 24
82 256
250 152
234 68
276 315
201 48
55 305
90 222
75 319
217 312
103 249
270 305
258 308
44 275
304 222
310 171
112 179
82 140
310 89
56 304
207 279
157 275
28 235
186 318
120 200
75 184
282 198
71 92
285 132
219 99
260 79
163 85
113 128
268 295
132 194
219 64
309 22
245 145
231 46
191 81
65 253
28 249
29 153
179 29
112 100
259 107
264 205
198 35
203 242
285 315
261 154
282 316
189 240
182 30
171 77
77 124
271 211
23 318
70 281
76 62
192 53
35 150
73 223
162 65
152 179
85 67
312 274
141 285
191 83
59 180
316 41
241 250
310 157
84 152
314 122
168 69
229 34
291 50
75 263
132 173
39 49
159 268
71 228
232 64
222 201
277 225
73 250
167 27
307 262
41 85
273 226
183 318
219 132
281 277
23 55
104 29
131 149
175 41
253 292
146 68
139 306
71 40
44 20
35 152
134 31
103 275
234 49
42 239
78 40
24 155
203 68
101 88
42 31
274 122
106 184
64 41
155 267
141 149
164 70
107 280
178 63
161 154
105 248
88 94
82 91
37 174
129 270
67 107
267 98
236 160
110 286
241 290
312 27
158 261
169 289
146 295
146 165
21 252
314 153
191 70
290 23
311 304
163 241
276 301
250 272
284 49
245 152
294 92
293 55
230 108
224 238
253 209
23 40
299 243
22 296
108 284
146 162
67 249
311 285
249 78
65 311
79 59
155 40
290 33
134 35
243 200
127 75
67 171
42 309
264 287
272 203
216 192
46 52
259 299
256 85
209 246
255 304
92 174
185 74
258 175
87 107
140 171
243 68
187 40
23 308
65 183
110 268
306 191
30 295
51 260
145 190
62 70
244 307
232 53
109 120
302 271
252 294
38 228
136 51
75 153
98 33
118 66
43 56
291 125
175 56
212 279
235 235
72 145
227 307
319 136
104 245
77 300
277 42
292 159
303 262
210 32
316 127
43 178
79 235
30 39
98 28
86 317
144 299
232 27
196 298
208 307
311 216
304 307
26 217
135 165
302 43
37 204
107 192
190 99
26 245
138 291
210 246
292 145
109 87
222 101
224 250
199 59
68 74
286 194
247 168
244 148
94 204
83 170
184 310
149 285
188 289
81 33
66 308
287 179
31 143
77 146
229 128
166 235
181 295
256 28
36 67
111 83
108 58
262 151
112 54
237 81
248 312
119 76
118 178
38 279
232 42
94 102
117 80
54 183
280 218
269 234
137 37
275 84
299 224
38 84
65 157
264 310
314 265
38 260
203 71
35 260
246 298
256 206
238 274
286 168
291 73
70 134
311 292
24 103
258 56
208 101
41 40
33 288
165 257
275 257
303 60
239 283
258 89
208 253
262 230
88 265
161 266
31 79
300 258
219 87
143 308
28 260
279 289
45 310
46 27
265 296
155 170
256 99
214 297
249 267
72 223
196 90
198 23
75 145
230 120
52 64
73 277
241 87
170 84
304 116
287 268
161 68
108 239
65 240
229 217
204 37
300 114
319 243
301 33
259 128
316 36
87 186
104 23
52 97
291 172
289 295
296 175
25 107
192 235
302 221
306 183
21 42
293 83
308 265
104 227
277 94
121 68
255 86
114 86
127 130
60 308
89 142
47 83
186 288
289 272
74 51
111 177
71 226
217 98
53 175
170 68
276 272
255 199
215 32
309 49
294 244
318 73
264 102
90 166
209 60
262 220
234 91
82 252
183 93
151 78
247 64
99 55
204 78
196 262
139 173
87 106
149 288
286 115
113 293
87 228
68 81
123 301
37 166
181 268
76 208
255 265
72 137
83 61
216 124
82 52
85 97
55 49
86 31
232 188
48 117
268 141
239 283
31 125
250 40
58 62
263 298
209 317
300 284
87 26
142 263
252 253
134 282
174 281
25 134
124 165
289 133
128 280
285 227
64 20
238 149
71 298
43 252
55 309
51 115
269 26
143 154
242 289
248 301
219 151
213 312
195 223
43 42
259 122
99 136
49 268
198 94
290 208
41 253
248 123
220 307
290 109
167 69
200 302
291 314
138 179
287 182
307 140
294 306
245 72
92 259
58 104
230 61
220 163
308 45
200 61
307 51
74 22
107 205
26 286
275 132
21 28
74 119
209 55
96 264
301 115
37 75
283 283
305 264
55 203
81 36
66 68
233 79
246 155
81 281
69 230
75 231
177 293
127 291
237 113
308 226
29 238
62 56
28 246
143 315
57 235
260 59
35 69
146 68
28 294
306 23
290 146
71 172
151 307
221 98
224 48
55 144
124 143
286 292
82 189
266 318
296 297
96 309
277 145
301 309
110 200
57 136
204 278
256 195
49 30
118 165
80 81
260 254
274 192
117 282
315 124
88 161
132 135
302 310
214 258
51 38
78 300
147 27
71 226
70 284
81 265
287 251
99 288
196 24
267 47
192 47
312 218
77 305
21 70
281 251
312 92
67 168
154 28
313 248
269 249
52 32
208 105
62 100
127 41
173 55
224 109
299 285
310 292
119 71
55 122
191 229
166 84
294 222
221 218
286 282
90 217
123 315
158 294
86 92
318 155
65 166
159 313
172 52
23 23
185 276
155 51
48 222
252 203
151 68
99 275
44 109
174 68
306 47
42 157
78 137
269 271
20 277
93 269
163 62
121 33
280 27
175 284
260 133
308 179
295 55
35 175
153 266
180 46
266 194
87 224
56 224
227 290
74 49
106 251
221 180
82 202
142 263
38 234
194 70
234 247
162 41
215 262
225 188
315 277
110 127
255 80
130 258
187 33
191 245
283 73
282 160
40 200
278 263
123 158
269 260
288 61
191 97
309 25
167 298
34 316
283 135
301 68
245 160
281 63
146 157
302 49
22 97
205 109
162 28
154 37
109 63
87 155
230 236
60 188
52 236
72 242
241 45
308 26
25 181
106 310
92 90
245 99
278 111
107 239
180 41
315 198
252 208
239 269
69 220
181 80
75 69
251 156
84 192
44 112
119 202
45 44
189 227
291 213
207 239
43 308
245 279
253 84
24 191
27 27
33 84
282 236
133 53
306 110
86 223
305 187
99 261
303 215
168 60
51 185
261 28
83 308
179 35
83 242
197 246
72 46
297 180
29 302
275 309
85 91
161 168
160 151
96 97
194 296
69 94
127 265
276 246
70 55
233 38
149 309
148 71
96 291
95 119
235 118
265 59
210 311
37 55
235 271
162 271
287 214
248 37
206 231
318 273
239 318
112 135
308 77
276 196
173 298
295 218
32 20
154 166
315 63
141 36
59 285
243 145
30 83
168 78
24 180
32 61
269 122
60 219
262 30
70 109
24 86
74 184
25 310
290 55
206 60
238 108
229 35
105 70
220 265
50 28
289 315
292 278
35 194
260 61
146 285
110 261
158 269
36 225
56 262
288 105
285 221
100 50
171 266
76 162
203 314
54 247
173 78
26 50
277 314
305 77
37 38
267 132
193 305
52 83
263 217
269 84
112 50
38 150
111 290
37 98
77 168
288 298
80 147
31 229
180 78
26 195
278 54
293 299
35 43
71 74
48 254
310 148
36 106
72 141
139 58
50 159
84 251
105 90
214 235
167 55
314 137
164 88
252 158
102 83
266 318
212 228
185 291
281 106
279 31
95 302
313 192
215 79
86 109
297 270
279 258
251 182
296 196
267 207
235 186
76 32
92 52
236 187
73 242
251 113
286 123
75 221
24 246
253 153
157 272
64 164
243 172
110 307
217 225
54 313
263 84
256 297
160 51
114 302
248 132
117 313
250 199
287 267
291 49
84 290
223 26
64 102
39 164
37 121
261 159
221 112
77 95
300 296
269 245
87 138
241 285
227 315
209 95
144 319
204 97
188 262
28 261
227 315
34 242
315 240
256 169
69 258
279 298
23 279
301 280
171 270
54 29
56 118
121 267
306 301
314 122
253 301
49 38
33 72
58 194
98 293
126 137
310 179
108 205
55 146
255 220
225 50
318 28
37 250
157 58
132 181
141 60
27 164
69 96
177 253
164 36
195 42
77 194
47 251
255 127
317 63
75 191
146 278
117 37
125 35
172 265
94 108
301 50
305 110
311 122
260 243
23 231
220 230
312 69
305 190
265 265
76 82
289 295
109 94
115 129
33 226
268 137
237 273
78 301
296 220
295 139
257 273
253 309
49 254
290 276
284 298
31 51
65 124
277 194
247 128
241 44
100 303
64 208
245 245
221 93
124 185
121 275
154 155
31 139
213 44
266 152
231 47
223 219
137 27
195 234
27 70
65 234
287 204
228 134
245 71
144 138
202 225
153 145
36 278
84 163
237 287
53 138
94 27
300 67
83 126
88 280
306 268
80 215
78 303
144 57
102 279
60 123
234 52
39 257
69 241
106 57
300 100
64 284
68 240
94 164
45 96
78 51
215 242
210 102
168 273
176 39
124 173
49 270
47 111
312 143
193 220
229 242
39 230
56 260
251 46
233 218
123 27
142 55
232 60
316 148
134 273
72 261
257 302
156 169
126 37
286 214
83 39
204 41
85 113
201 307
151 24
244 236
34 127
293 180
238 67
84 278
55 23
23 94
92 125
228 23
247 62
191 275
228 235
33 160
255 53
285 83
270 46
222 268
290 214
45 309
155 254
272 113
228 195
129 49
55 182
292 170
240 47
305 314
20 215
153 314
93 311
148 176
220 246
56 292
233 41
248 104
47 221
98 220
224 65
197 211
283 90
20 33
200 79
90 39
209 74
52 100
98 214
208 32
247 203
271 29
223 140
236 217
285 49
152 262
272 240
109 168
87 176
40 318
76 138
188 310
151 271
83 284
63 178
99 72
83 255
59 167
166 262
169 62
282 160
317 174
192 316
94 38
316 280
232 253
92 141
261 110
82 110
22 307
67 84
61 136
231 278
240 98
175 55
28 204
191 78
45 261
227 157
158 283
229 54
153 21
92 55
116 41
149 172
44 296
151 175
228 62
303 163
71 249
257 92
278 78
29 251
319 199
77 184
227 159
91 259
275 166
290 316
240 53
277 141
76 240
110 187
113 68
316 310
270 286
108 204
215 242
36 50
221 264
235 116
139 172
241 238
66 72
129 53
111 22
50 127
206 215
165 85
115 180
34 167
22 75
53 315
118 44
319 171
34 239
72 173
116 81
292 308
62 91
310 120
280 310
56 89
33 214
292 128
313 107
252 59
248 289
36 114
115 255
69 158
170 74
26 99
197 265
300 200
231 178
267 97
219 28
248 316
299 181
116 299
69 159
315 121
262 99
28 115
86 265
46 113
77 55
227 295
65 225
56 154
273 126
152 154
80 243
186 23
224 34
28 294
104 158
203 301
184 73
222 97
291 284
40 117
164 307
276 45
126 177
165 58
76 244
34 272
299 176
271 202
146 288
277 45
312 84
203 223
191 227
46 217
306 41
45 219
309 190
180 275
195 29
66 145
68 257
233 165
261 131
175 293
60 117
282 261
36 103
79 60
221 282
310 49
223 20
37 206
289 100
43 303
102 281
312 254
49 172
270 193
164 36
245 313
77 285
38 174
132 166
300 192
87 179
176 26
283 288
68 217
101 268
26 244
209 216
290 310
292 215
88 153
289 234
102 90
301 28
